# q_pen — valores ya filtrados (>=1e-5 sustituidos por NaN)
# Load with: q_pen = np.loadtxt("q_pen.txt")
nan
1.200000e-07
4.900000e-07
1.060000e-06
2.200000e-07
1.000000e-07
0.000000e+00
0.000000e+00
3.360000e-06
4.120000e-06
1.520000e-06
8.500000e-07
8.000000e-08
0.000000e+00
1.000000e-08
3.400000e-07
2.210000e-06
2.630000e-06
1.050000e-06
1.040000e-06
4.300000e-07
3.600000e-07
9.000000e-08
0.000000e+00
1.000000e-08
0.000000e+00
0.000000e+00
1.560000e-06
8.000000e-07
1.220000e-06
3.800000e-07
4.000000e-08
1.000000e-08
0.000000e+00
1.000000e-08
1.280000e-06
7.500000e-07
4.400000e-07
2.000000e-08
3.000000e-08
1.000000e-08
1.000000e-08
1.810000e-06
6.800000e-07
1.900000e-07
1.000000e-08
0.000000e+00
0.000000e+00
3.000000e-07
3.500000e-07
1.550000e-06
5.500000e-07
2.000000e-07
1.000000e-08
0.000000e+00
4.000000e-08
4.420000e-06
1.190000e-06
7.000000e-07
9.500000e-07
3.000000e-08
0.000000e+00
0.000000e+00
0.000000e+00
1.540000e-06
3.300000e-07
6.600000e-07
9.300000e-07
9.200000e-07
1.140000e-06
2.000000e-08
0.000000e+00
0.000000e+00
0.000000e+00
1.000000e-08
nan
nan
3.990000e-06
1.450000e-06
5.000000e-07
2.800000e-07
3.000000e-08
0.000000e+00
0.000000e+00
6.380000e-06
3.940000e-06
8.900000e-07
6.700000e-07
6.200000e-07
2.000000e-08
0.000000e+00
0.000000e+00
0.000000e+00
0.000000e+00
0.000000e+00
0.000000e+00
1.340000e-06
1.820000e-06
2.030000e-06
1.090000e-06
3.500000e-07
7.000000e-08
1.000000e-08
0.000000e+00
0.000000e+00
0.000000e+00
0.000000e+00
1.000000e-08
8.700000e-07
7.500000e-07
2.060000e-06
6.200000e-07
8.200000e-07
5.300000e-07
6.000000e-08
4.000000e-08
0.000000e+00
0.000000e+00
0.000000e+00
0.000000e+00
6.300000e-07
7.400000e-07
7.500000e-07
2.700000e-07
3.000000e-08
4.000000e-08
0.000000e+00
0.000000e+00
0.000000e+00
0.000000e+00
1.210000e-06
5.320000e-06
1.220000e-06
5.600000e-07
4.500000e-07
3.000000e-08
0.000000e+00
0.000000e+00
0.000000e+00
0.000000e+00
0.000000e+00
9.900000e-07
2.330000e-06
1.200000e-06
4.300000e-07
1.300000e-07
1.000000e-08
0.000000e+00
0.000000e+00
0.000000e+00
0.000000e+00
5.700000e-07
0.000000e+00
0.000000e+00
5.200000e-07
1.700000e-07
1.500000e-07
5.000000e-08
0.000000e+00
0.000000e+00
0.000000e+00
0.000000e+00
0.000000e+00
2.400000e-06
2.230000e-06
1.220000e-06
2.700000e-07
1.000000e-08
2.000000e-08
2.000000e-08
3.000000e-08
1.520000e-06
8.100000e-07
3.060000e-06
3.000000e-06
6.500000e-07
2.500000e-07
4.000000e-08
1.000000e-08
0.000000e+00
0.000000e+00
0.000000e+00
1.000000e-08
1.400000e-07
1.550000e-06
1.360000e-06
7.400000e-07
6.500000e-07
3.600000e-07
3.000000e-08
0.000000e+00
0.000000e+00
1.000000e-08
6.300000e-07
1.510000e-06
4.820000e-06
5.240000e-06
2.130000e-06
2.500000e-07
1.200000e-07
8.000000e-08
1.000000e-08
0.000000e+00
0.000000e+00
0.000000e+00
nan
3.430000e-06
1.870000e-06
7.500000e-07
6.200000e-07
2.900000e-07
6.000000e-08
3.000000e-08
0.000000e+00
0.000000e+00
2.000000e-08
1.100000e-07
1.480000e-06
7.700000e-07
1.270000e-06
1.110000e-06
3.900000e-07
1.200000e-07
3.000000e-08
0.000000e+00
0.000000e+00
0.000000e+00
0.000000e+00
0.000000e+00
7.100000e-07
6.200000e-07
1.200000e-06
8.900000e-07
6.900000e-07
3.500000e-07
4.000000e-08
2.000000e-08
0.000000e+00
0.000000e+00
5.000000e-08
6.000000e-08
1.290000e-06
3.090000e-06
4.660000e-06
2.960000e-06
1.340000e-06
1.600000e-07
0.000000e+00
1.000000e-08
nan
1.000000e-08
2.120000e-06
2.990000e-06
9.000000e-07
1.100000e-07
1.000000e-08
6.000000e-08
4.150000e-06
2.520000e-06
4.000000e-08
1.000000e-08
nan
nan
nan
nan
nan
nan
nan
nan
nan
nan
nan
nan
nan
nan
nan
nan
nan
