# Qmix_mat — valores ya filtrados (>0 y <-0.5e-5 puestos a 0)
# Load with: Qmix_mat = np.loadtxt("Qmix_mat.txt")
0.000000e+00
0.000000e+00
0.000000e+00
-3.900000e-07
-2.200000e-07
0.000000e+00
0.000000e+00
0.000000e+00
0.000000e+00
-9.900000e-07
-2.400000e-07
-1.200000e-07
-5.000000e-08
0.000000e+00
0.000000e+00
0.000000e+00
0.000000e+00
-1.280000e-06
-9.000000e-08
0.000000e+00
-1.500000e-07
0.000000e+00
-4.900000e-07
-6.000000e-08
0.000000e+00
0.000000e+00
0.000000e+00
-6.700000e-07
0.000000e+00
0.000000e+00
-4.000000e-08
-1.800000e-07
-2.200000e-07
0.000000e+00
0.000000e+00
0.000000e+00
-8.100000e-07
0.000000e+00
0.000000e+00
0.000000e+00
0.000000e+00
0.000000e+00
-9.200000e-07
-8.000000e-08
-1.000000e-07
0.000000e+00
-1.000000e-08
0.000000e+00
-1.300000e-07
0.000000e+00
-5.500000e-07
-2.000000e-07
0.000000e+00
0.000000e+00
0.000000e+00
0.000000e+00
-1.080000e-06
-4.900000e-07
0.000000e+00
0.000000e+00
-4.000000e-07
-5.000000e-08
0.000000e+00
0.000000e+00
-2.900000e-07
-2.300000e-07
0.000000e+00
-1.570000e-06
0.000000e+00
-5.300000e-07
-0.000000e+00
-3.000000e-08
0.000000e+00
0.000000e+00
0.000000e+00
0.000000e+00
0.000000e+00
-1.430000e-06
-1.800000e-07
-3.000000e-07
0.000000e+00
0.000000e+00
0.000000e+00
0.000000e+00
0.000000e+00
-9.500000e-07
-6.700000e-07
0.000000e+00
-9.000000e-08
0.000000e+00
0.000000e+00
0.000000e+00
0.000000e+00
-2.000000e-08
0.000000e+00
0.000000e+00
0.000000e+00
-2.100000e-07
0.000000e+00
0.000000e+00
-1.300000e-07
-2.300000e-07
-3.600000e-07
0.000000e+00
0.000000e+00
0.000000e+00
0.000000e+00
0.000000e+00
-6.200000e-07
0.000000e+00
-7.700000e-07
-3.900000e-07
0.000000e+00
0.000000e+00
0.000000e+00
0.000000e+00
0.000000e+00
0.000000e+00
0.000000e+00
0.000000e+00
0.000000e+00
-1.100000e-07
0.000000e+00
0.000000e+00
-9.000000e-08
0.000000e+00
0.000000e+00
0.000000e+00
-0.000000e+00
0.000000e+00
0.000000e+00
-1.040000e-06
-7.200000e-07
0.000000e+00
0.000000e+00
-3.200000e-07
-2.000000e-07
0.000000e+00
-1.000000e-08
0.000000e+00
0.000000e+00
0.000000e+00
0.000000e+00
-6.500000e-07
-9.000000e-08
-1.200000e-07
-7.000000e-08
0.000000e+00
-3.000000e-08
0.000000e+00
0.000000e+00
0.000000e+00
-1.500000e-07
0.000000e+00
-3.000000e-08
-2.800000e-07
0.000000e+00
0.000000e+00
-1.100000e-07
-9.000000e-08
0.000000e+00
0.000000e+00
0.000000e+00
0.000000e+00
-7.700000e-07
0.000000e+00
-1.500000e-07
0.000000e+00
0.000000e+00
0.000000e+00
0.000000e+00
-4.200000e-07
0.000000e+00
0.000000e+00
-4.300000e-07
-2.000000e-08
-1.000000e-07
-4.900000e-07
0.000000e+00
0.000000e+00
0.000000e+00
0.000000e+00
0.000000e+00
0.000000e+00
0.000000e+00
-8.200000e-07
-9.000000e-08
0.000000e+00
-8.100000e-07
0.000000e+00
0.000000e+00
0.000000e+00
0.000000e+00
-6.000000e-08
0.000000e+00
-1.220000e-06
0.000000e+00
0.000000e+00
-6.600000e-07
0.000000e+00
0.000000e+00
0.000000e+00
-1.700000e-07
0.000000e+00
0.000000e+00
-5.400000e-07
0.000000e+00
-8.100000e-07
-1.600000e-07
0.000000e+00
-1.300000e-07
0.000000e+00
0.000000e+00
0.000000e+00
0.000000e+00
-2.000000e-08
0.000000e+00
-9.100000e-07
0.000000e+00
0.000000e+00
-3.500000e-07
-6.000000e-08
0.000000e+00
-0.000000e+00
0.000000e+00
0.000000e+00
0.000000e+00
0.000000e+00
0.000000e+00
-1.500000e-07
0.000000e+00
-1.000000e-07
-9.000000e-08
0.000000e+00
0.000000e+00
0.000000e+00
0.000000e+00
0.000000e+00
0.000000e+00
-6.000000e-08
0.000000e+00
0.000000e+00
0.000000e+00
-2.700000e-07
-2.500000e-07
-2.000000e-08
0.000000e+00
0.000000e+00
0.000000e+00
0.000000e+00
0.000000e+00
0.000000e+00
-5.000000e-07
-2.500000e-07
-2.100000e-07
0.000000e+00
0.000000e+00
0.000000e+00
-6.000000e-08
0.000000e+00
0.000000e+00
-1.900000e-07
0.000000e+00
0.000000e+00
0.000000e+00
-4.100000e-07
-5.600000e-07
-1.300000e-07
0.000000e+00
0.000000e+00
0.000000e+00
-9.600000e-07
0.000000e+00
-7.100000e-07
0.000000e+00
0.000000e+00
-3.600000e-07
0.000000e+00